Crane_1
[
array([9.99668169, 9.99996777, 1.91104546, 0.01910852]), 
array([ 9.9       , 10.        ,  1.69284796,  0.01469159]), 
array([9.99953684, 9.97897406, 1.6975094 , 0.01473399]), 
array([9.95898271, 9.91714621, 1.92257714, 0.01377614]), 
array([9.90201493, 9.98969314, 1.6753517 , 0.01560804]), 
array([9.94324344, 9.92182418, 1.98752818, 0.01418941]), 
array([9.92545812, 9.99999693, 1.99374112, 0.01600678]), 
array([9.99998685, 9.90022357, 1.79078434, 0.01375017]), 
array([9.92196458, 9.90028511, 1.75653816, 0.01431324]), 
array([9.99748388, 9.99977181, 1.70070414, 0.01423027])]
Crane_2_1
[
array([9.92486189e+00, 9.97800614e+00, 1.42930384e+00, 5.64229073e-03]), array([9.99932237e+00, 9.99960612e+00, 1.49082990e+00, 6.91801701e-03]), array([9.93234475e+00, 9.99998256e+00, 1.99842325e+00, 6.00108928e-03]), array([1.00000000e+01, 9.98794499e+00, 2.00000000e+00, 4.63218285e-03]), array([9.91709559e+00, 9.97077167e+00, 1.56951182e+00, 5.13655745e-03]), array([9.90000000e+00, 9.90000000e+00, 2.00000000e+00, 5.37430882e-03]), array([9.99998195e+00, 9.99221344e+00, 1.51333379e+00, 7.17157029e-03]), array([9.99897390e+00, 9.99993976e+00, 1.55029761e+00, 6.01084170e-03]), array([9.90076610e+00, 9.99949937e+00, 1.99481000e+00, 6.65660572e-03]), array([9.90494676e+00, 9.90078443e+00, 1.18166343e+00, 6.21139652e-03])]
Crane_2_2
[
array([9.92094291e+00, 9.90463395e+00, 1.49536024e+00, 9.09492588e-03]), array([9.91590494e+00, 9.90168933e+00, 1.98091496e+00, 8.36877708e-03]), array([9.98843111e+00, 9.90088310e+00, 1.65464572e+00, 9.06465280e-03]), array([9.99875759e+00, 9.97999492e+00, 1.84259527e+00, 9.06496012e-03]), array([9.99988027e+00, 9.98625248e+00, 1.79419424e+00, 9.33347141e-03]), array([9.99999845e+00, 9.99999960e+00, 1.92594029e+00, 9.28357376e-03]), array([9.97785096e+00, 9.95079021e+00, 2.00000000e+00, 8.23305541e-03]), array([9.91306911e+00, 9.99999990e+00, 1.65697209e+00, 9.12000337e-03]), array([9.93394404, 9.99999933, 1.73595318, 0.01070938]), 
array([9.99952746, 9.99664184, 1.56739528, 0.01099071])]
